x = [4188.11
3518.5
3761.67
3986.91
3761.12
3775.26
3768.96
3334.5
3839.91
3741.36
3804.23
3917.35
3902.31
3584.97
4349.39
4000.03
3450.63
3694.07
3700.63
3938.33
3494.21
3442.92
3503.52
4100.02
3676.3
3685.27
3730.69
3695.08
3528.1
3687.66
3723.69
3787.53
3546.6
4068.19
3859.85
3119.54
3939.14
3749.35
3891.32
4113.24
3795.54
3915.38
3628.57
3821.28
4098.1
3700.65
4016.32
3351.51
3873.07
3922.17
3975.16
3735.97
4015.94
3973.01
3591.09
4438.25
3802.41
4055.15
3539.9
3392.04
3812.39
4171.56
4000.43
4009.86
3715.37
3663.45
3709.25
3499.14
3688.49
3721.95
3722.06
3882.85
3850.62
4065.53
3881.58
3606.44
3907.47
4254.32
3952.57
3596.76
3728.05
3939.49
3991.38
3672.06
3752.38
3472
3596.2
3740.35
3800.76
4081.04
3733.54
3732.27
4197.12
3864.91
3829.34
3965.69
4007.36
3888.4
3926.76
3338
3652.07
4023.43
4008.81
3545.52
3879.45
4045.83
3908.36
3720.95
3722.06
3635.82
3849.49
3875.6
3735.25
3848.89
3805.03
3802.76
3692.24
4005.09
3862.29
3783.39
3926.42
4194.41
3879.38
3296.13
3522.84
3678.44
3710.2
3837.23
3848.76
3722.99
3937.86
3748.83
4119.34
3966.89
3558.9
3661.88
3704.17
3965.07
4161.46
3938.08
4036.76
3952.5
3966.62
3590.65
3995.28
3934.95
3768.33
3929.36
4117.62
3722.61
3906.42
3719.9
4045.7
3929.79
3572.65
3896.64
3553.93
4108.62
3686.54
3753.47
3848.04
3884.32
4079.33
4134.53
3702.06
3847.86
4262.18
4004.31
3809.42
3862.33
3803.12
4079.15
3668.15
3879.51
4047.76
3851
3805.68
3852.9
3952.34
4240.41
3839.45
3705.61
3763.1
3749.89
3835.89
3791.39
3800.9
4013.27
3726.21
3847.1
4042.22
3810.49
3999.06
3684.64
3918.49
4034.19
3598.99
3712.17
4037.93
3635.64
4073.2
3513.6
3785.3
3532.54
3482.08
4078.56
3623.93
3773.27
4173.97
3809.1
4042.08
3824.93
3607.04
3854.46
3968.49
3623.04
3627.03
4056.38
3782.34
3352.05
3728.83
3942.23
3620.49
3892.26
3524.66
4140.42
3948.14
3740.21
4298.1
3340.15
4184.35
3630.84
3796.21
3606.31
3663.5
3737.96
3774.28
3584.45
4271.41
3678.58
3754.09
3591.73
3529.11
3596.98
3875.5
3832.03
3875.1
4032.83
3700.69
3569.07
3589.97
3720.7
3226.67
3462.91
3564.38
3998.54
3611.56
3860.63
3971.66
3771.45
3941.85
3659.71
3948.93
3787.87
3391.51
3882.41
3812.04
3567
4050.78
3673.71
3960.26
3765.28
3581.81
3683.32
3780.81
4098.93
3775.65
3440.95
3894.48
3787.47
3730.77
3939.06
3938.73
3628.88
3806.63
3865.55
3756.46
3686.51
3274.46
3691.24
3759.62
3660.88
3645.41
3564.76
3694.71
4072
3671.37
4061.83
3772.02
3859.54
3582.36
3659.42
3610.98
3884.56
3098.11
3989.99
3449.52
3804.14
3985.78
3524.04
3521.91
3932.61
3421.05
4094.75
3475
3398.41
3856.55
3829.53
3891.16
4074.35
3809.81
4075.94
3982.15
3904.84
3898.04
3886.69
3500.14
3518.84
3921.59
3872.31
3981.17
3997.07
3836.12
3664.94
3550.88
4211.13
3716.86
3815.96
3871.96
4053.36
3702.76
3475.54
3593.36
3690.68
3887.55
3479.45
3982.1
3918.09
3781.32
3817.77
3456.18
3684.07
3939.43
3937.01
3890.39
3653.03
3669.74
3901.2
3638.5
3944.05
3767.69
3490.65
3872.44
3886.82
3968.81
3547.99
3490.73
3830.52
3745.35
3881.67
3993.03
4020.06
3690.99
3813.53
3538.87
3792.21
4039.96
3817.35
3596.26
3972.89
3513.07
3207.06
4130.25
3964.94
3913.39
3916.21
4006.56
3897.46
3689.81
3808.41
3814.82
3906.43
3851.8
4186.55
4014.22
4210.81
3941.67
3723.73
3763.78
3454.13
3561.44
3824.38
3835.56
4086.79
3907.65
3654.36
3934.82
3862.34
3819.4
4151.68
4065.61
3613.26
3564.38
3338.85
3702.02
3475.99
4081.54
3586.83
3768.6
3648.27
3703.19
3788.37
3831.79
3898.58
3636.49
3630.31
3688.87
3597.32
4062.55
3645.66
3675.57
3653.44
4397.68
3875.62
3509.69
3783.98
3898.1
3728
3893.22
3714.3
3603.02
4153.46
3564.09
3824.64
4044.47
3970.18
3684.03
3816.53
4404.21
3206.79
3830.57
3797.49
3353.04
3750.8
3738.04
3891.03
3517.04
3603.02
3444.74
4001.19
3864.64
3865.55
4009.42
3750.36
3724.56
3973.84
4086.45
3422.84
4095.9
3771.87
3766.53
3631.71
3400.48
3709.47
3617
4029.53
3547.82
3871.53
3820.99
4176.19
3578.71
3730.94
4098.02
3785.35
3876.21
3863.61
3974.41
3695.81
4069.08
3534.26
3866.48
3986.44
3213.26
3269.37
3745.66
4104.8
3866.33
3615.34
3957.63
4037.36
3768.52
3495.17
3742.64
3687.7
4002.32
3540.24
3937.23
3735.14
3747.98
4038.12
4447
3944.57
3473.33
3346.47
3482.21
3616.15
3904.71
3775.49
3879.51
3731.38
3956.5
3597.31
4043.97
3874
3795.77
3834.85
3816.64
4153.99
4113.63
3499.2
3669.15
3397.41
3879.96
3866.25
3729.52
4189.65
3677.21
4062.33
3732.17
3549.93
3905.14
3775.33
4093.28
3934.04
3996.78
3787.66
3993.73
3661.8
3362.48
3812.42
3762.45
4074.75
3788.23
3736.03
3657.86
3983.3
4010.22
3762.33
3868.09
3609.19
3850.94
3539.66
3421.39
4027.84
3637.53
4003.99
4113.26
3850.57
3445.93
3710.19
3873.23
3868.53
3881.97
3770.87
4016.13
3906.42
4097.9
3844.62
3752.1
3644.09
4051.76
3892.81
3413.86
3844.71
4079.67
3941.86
3727.78
3744.83
3697.93
3644.62
3578.2
3947.63
3685.86
3782.44
4262.62
3342.01
3873.94
3813.72
4057.74
3832.49
3604.45
4119.72
3442.15
3838.64
3576.54
4074.33
4112.49
3767.02
3921.41
3677.49
3615.5
3987.89
3942.42
3576.46
4061.74
3660.35
3871.06
3841.25
3921.49
3622.6
3626.24
3722.54
3872.62
4102.49
3553.55
3857.49
3978.75
3957.2
3313.88
3899.39
3393.39
3519.22
3727.58
4081.48
3879.77
3927.71
3686.99
3899.1
3958.35
3946.38
4071.26
3863.2
3736.86
3660.54
3217.36
3377.85
3809.06
3942.56
4276.94
3483.01
3710.1
3775.29
3284.41
3894.59
4092.49
4156.03
3937.86
3696.73
3919.37
3797.49
3615.01
3556.15
3880.89
4195.93
3768.77
3579.3
3555.37
3651.76
3846.9
4090.52
3894.5
3817.04
3551.39
3981.65
3537.68
3980.29
3691.66
3747.18
3951.22
3740.75
3810.66
3796.89
3743.28
4263.92
3711.75
3703.61
3964.3
3827.83
3882.87
4043.33
3940.58
3656.47
3838.79
3780.61
4164.65
3531.74
3963.96
3598.96
3671.39
3787.58
3672.37
3871.72
4201.8
4290.82
3448.71
3820.29
4073.64
3494.96
3685.82
3553.5
3851.49
3702.87
4193.3
4020.25
3583.49
3730.36
3997.28
3746.43
3890.9
3786.99
3931.62
3984.05
4164.3
4001.37
4100.44
3964.13
3401.14
3845.91
3635.55
3971.92
3664.38
3490.44
4120.43
3506.92
3738.74
3660.29
3516.07
3731.76
3935.82
3893.77
4277.75
4144.22
3883.75
3684.66
3610.73
3809.46
3552.07
3929.43
3761.58
4226.93
3914.76
3695.04
3612.63
3950.95
3980.47
3874.97
3421.77
3896.32
3780.75
3823.68
4149.24
3802.82
3464.64
3759.01
3724.81
3688.63
4052.08
3869.63
4210.52
4284.01
4037.9
4166.59
3686.81
3816.43
3818.67
4243.52
3675.06
3593.51
3638.97
3711.91
4018.64
3713.21
3873.96
3939.91
4008.1
3964.71
4084.13
4197.66
3635.5
3370.24
3773.04
4153.5
3904.03
3701.98
3760.28
4150.26
3644.18
3697.1
3831.33
3831.83
3817.15
3675.76
3735.32
3952.19
3776.6
3932.76
4044.85
3501.39
3858.38
3881.46
3646.03
3775.39
3590.61
3847.88
3684.84
3906.82
3702.61
4119.55
4117.16
3634.14
3422.39
4006.47
3504.07
3729.73
3749.16
3947.59
3915.89
3624.11
3688.46
3775.09
3607.66
3848.5
3725.04
3964.93
3836.26
3561.91
3623.34
3927.23
3595.65
3712.21
3715.99
3478.91
4220.81
3415.54
3767.59
3883.86
4249.13
4190.59
3638.76
4113.62
3822.51
3645.74
3915.24
3999.27
3783.97
3907.24
4144.8
4214.76
3672.64
3467.32
3272.21
3713.5
3468.56
3949.11
3633.62
3711.81
3337.66
3245.5
4143.63
4113.12
4184.1
4210.84
3922.86
3752.66
3916.6
3740.28
3404.72
3619.32
3967.51
3946.17
3457.62
4071.15
4069.36
3886.15
3908.89
3871.81
3861.68
3417.27
3718.33
3728.35
4133.43
3638.13
3922.17
4222.12
3598.06
4121.82
3649.52
3996.35
4260.52
3757.49
3804.78
3573.9
3691.94
3849.97
3640.52
3449.9
3740.83
3628.9
4055.77
3707.13
4047.51
3599.82
3869.67
3431.01
3678.65
4135.27
4294.66
3742.13
3367.58
3808.05
3948.21
3617.19
3752.48
3805.51
4014.64
3644.01
3632.63
3631.33
4015
4017.96
3816.15
3510.9
3648.23
3545.82
3862.37
3553.18
4184.01
3811.23
3701.17
3762.26
3910.13
3622.78
3627.85
4310.82
3748.29
3963.54
3846.63
3557.3
3618.15
3839
3623.45
3804.77
3635.49
3894.34
3733.65
4485.53
3486.2
3529.39
3957.46
4028.58
3949
3655.01
3631.85
3932.84
3756.86
3177.97
4184.01
4304.99
3775.55
3840.36
4078.32
3744.04
3949.92
4042.08
3940.9
3787.67
3763.91
3699.21
4128.87
3829.84
3502.11
4078.06
3968.59
3726.31
3760.92
4205.48
3942.86
3588.71
3623.95
3726.18
3889.1
3771.68
3645.63
3851.85
3562.28
3887.92
4156.13
3922.03
4172.63
3869.53
]
